[nice 64 + 300 greedy tokens] lanes 64, block max over lanes/channels/layers per tick; window ~0.3..20
tick      :      0      1      2      3      4      5      6      7      8      9     10     11     12     13     14     15     16     17     18     19     20     21     22     23     24     25     26     27     28     29     30     31     32     33     34     35     36     37     38     39     40     41     42     43     44     45     46     47     48     49     50     51     52     53     54     55     56     57     58     59     60     61     62     63     64     65     66     67     68     69     70     71     72     73     74     75     76     77     78     79     80     81     82     83     84     85     86     87     88     89     90     91     92     93     94     95     96     97     98     99    100    101    102    103    104    105    106    107    108    109    110    111    112    113    114    115    116    117    118    119    120    121    122    123    124    125    126    127    128    129    130    131    132    133    134    135    136    137    138    139    140    141    142    143    144    145    146    147    148    149    150    151    152    153    154    155    156    157    158    159    160    161    162    163    164    165    166    167    168    169    170    171    172    173    174    175    176    177    178    179    180    181    182    183    184    185    186    187    188    189    190    191    192    193    194    195    196    197    198    199    200    201    202    203    204    205    206    207    208    209    210    211    212    213    214    215    216    217    218    219    220    221    222    223    224    225    226    227    228    229    230    231    232    233    234    235    236    237    238    239    240    241    242    243    244    245    246    247    248    249    250    251    252    253    254    255    256    257    258    259    260    261    262    263    264    265    266    267    268    269    270    271    272    273    274    275    276    277    278    279    280    281    282    283    284    285    286    287    288    289    290    291    292    293    294    295    296    297    298    299    300    301    302    303    304    305    306    307    308    309    310
max|S      |:    0.4    0.7    1.0    1.2    1.2    1.1    1.1    1.2    1.2    1.3    1.4    1.4    1.5    1.5    1.6    1.6    1.7    1.7    1.8    1.8    1.9    2.0    2.0    2.1    2.1    2.2    2.2    2.3    2.3    2.4    2.4    2.4    2.3    2.3    2.4    2.4    2.4    2.4    2.4    2.4    2.4    2.5    2.5    2.6    2.6    2.7    2.7    2.7    2.8    2.8    2.9    2.9    2.9    3.0    3.0    3.1    3.1    3.2    3.2    3.2    3.3    3.4    3.4    3.4    3.5    3.5    3.5    3.6    3.6    3.7    3.7    3.7    3.7    3.8    3.8    3.8    3.8    3.9    3.9    3.9    3.9    3.9    3.9    4.0    4.0    4.0    4.0    4.0    4.0    4.0    4.0    4.0    4.1    4.1    4.1    4.1    4.1    4.1    4.1    4.1    4.1    4.1    4.1    4.1    4.1    4.1    4.1    4.1    4.1    4.1    4.0    4.0    4.1    4.1    4.0    4.0    4.0    4.0    4.1    4.1    4.1    4.2    4.2    4.2    4.2    4.3    4.3    4.3    4.4    4.4    4.4    4.4    4.5    4.5    4.5    4.5    4.5    4.6    4.6    4.6    4.6    4.6    4.7    4.7    4.7    4.7    4.7    4.7    4.7    4.8    4.8    4.8    4.8    4.8    4.8    4.8    4.8    4.8    4.8    4.8    4.8    4.8    4.8    4.8    4.8    4.8    4.8    4.8    4.8    4.8    4.8    4.8    4.8    4.8    4.8    4.8    4.8    4.8    4.8    4.8    4.8    4.8    4.8    4.8    4.8    4.7    4.7    4.7    4.7    4.7    4.7    4.7    4.7    4.7    4.7    4.7    4.7    4.7    4.7    4.7    4.7    4.7    4.7    4.7    4.7    4.7    4.7    4.7    4.7    4.7    4.7    4.7    4.7    4.7    4.7    4.7    4.7    4.7    4.7    4.7    4.7    4.7    4.7    4.7    4.7    4.7    4.7    4.7    4.7    4.7    4.7    4.7    4.7    4.7    4.7    4.7    4.7    4.7    4.7    4.7    4.7    4.7    4.7    4.7    4.7    4.7    4.7    4.7    4.7    4.7    4.7    4.7    4.7    4.7    4.7    4.7    4.7    4.7    4.7    4.7    4.7    4.7    4.7    4.7    4.7    4.7    4.7    4.7    4.7    4.7    4.7    4.7    4.7    4.7    4.7    4.7    4.7    4.7    4.7    4.7    4.7    4.7    4.7    4.7    4.7    4.7    4.7    4.7    4.7    4.7    4.7    4.7    4.7    4.7    4.7    4.7    4.7    4.7    4.7    4.7    4.7    4.7    4.7    4.7    4.7    4.7    4.7    4.7    4.7    4.7    4.7
max|z      |:    0.9    0.9    0.8    0.9    1.0    1.0    1.1    1.1    1.1    1.1    1.1    1.1    1.1    1.1    1.1    1.1    1.1    1.1    1.1    1.1    1.1    1.1    1.1    1.1    1.1    1.1    1.1    1.1    1.1    1.1    1.1    1.1    1.1    1.1    1.1    1.1    1.2    1.2    1.2    1.1    1.1    1.1    1.2    1.1    1.1    1.2    1.1    1.1    1.1    1.1    1.1    1.1    1.1    1.2    1.1    1.2    1.1    1.2    1.1    1.1    1.1    1.2    1.1    1.2    1.1    1.1    1.1    1.1    1.1    1.2    1.1    1.2    1.2    1.1    1.1    1.1    1.1    1.2    1.1    1.2    1.1    1.2    1.1    1.1    1.1    1.2    1.1    1.2    1.1    1.1    1.1    1.1    1.1    1.2    1.1    1.2    1.1    1.1    1.1    1.1    1.1    1.2    1.2    1.2    1.1    1.2    1.1    1.1    1.1    1.2    1.1    1.2    1.1    1.1    1.1    1.1    1.1    1.2    1.1    1.2    1.1    1.1    1.1    1.1    1.1    1.2    1.1    1.2    1.1    1.2    1.1    1.1    1.2    1.2    1.1    1.2    1.1    1.1    1.1    1.1    1.1    1.2    1.1    1.2    1.1    1.1    1.1    1.2    1.1    1.2    1.1    1.2    1.1    1.2    1.1    1.2    1.1    1.1    1.1    1.2    1.1    1.2    1.2    1.1    1.1    1.1    1.1    1.2    1.1    1.2    1.1    1.1    1.1    1.1    1.1    1.2    1.1    1.2    1.1    1.2    1.1    1.2    1.1    1.1    1.1    1.2    1.1    1.2    1.1    1.1    1.1    1.1    1.2    1.2    1.1    1.2    1.1    1.1    1.1    1.1    1.1    1.2    1.1    1.2    1.1    1.2    1.1    1.2    1.1    1.2    1.1    1.2    1.1    1.2    1.1    1.2    1.1    1.2    1.1    1.1    1.1    1.1    1.2    1.2    1.1    1.2    1.1    1.1    1.1    1.1    1.1    1.2    1.1    1.2    1.1    1.2    1.1    1.2    1.1    1.2    1.1    1.2    1.1    1.2    1.1    1.2    1.1    1.2    1.1    1.2    1.2    1.2    1.1    1.2    1.1    1.2    1.1    1.2    1.1    1.1    1.1    1.2    1.1    1.1    1.1    1.2    1.1    1.1    1.1    1.2    1.1    1.2    1.1    1.2    1.1    1.2    1.1    1.2    1.1    1.2    1.2    1.2    1.1    1.2    1.1    1.2    1.1    1.2    1.1    1.2    1.1    1.2    1.1    1.2    1.2    1.2    1.1    1.2    1.1    1.2    1.1    1.2    1.1    1.2    1.1    1.2    1.1    1.2    1.2    1.2    1.1
max|g      |:    0.4    0.4    0.2    0.4    0.4    0.4    0.4    0.4    0.4    0.5    0.5    0.5    0.4    0.5    0.5    0.5    0.5    0.5    0.5    0.5    0.5    0.5    0.6    0.5    0.5    0.5    0.5    0.5    0.5    0.5    0.5    0.5    0.5    0.6    0.5    0.5    0.5    0.6    0.5    0.5    0.5    0.5    0.5    0.6    0.5    0.5    0.5    0.5    0.5    0.5    0.5    0.5    0.5    0.5    0.5    0.5    0.5    0.6    0.5    0.6    0.5    0.6    0.5    0.6    0.5    0.5    0.5    0.5    0.5    0.5    0.6    0.5    0.5    0.5    0.5    0.6    0.5    0.6    0.5    0.5    0.5    0.6    0.5    0.6    0.5    0.6    0.5    0.5    0.6    0.5    0.5    0.5    0.5    0.5    0.5    0.5    0.5    0.5    0.6    0.6    0.5    0.5    0.5    0.5    0.6    0.5    0.5    0.5    0.5    0.6    0.6    0.5    0.5    0.5    0.5    0.6    0.6    0.5    0.6    0.5    0.5    0.6    0.5    0.5    0.6    0.5    0.6    0.5    0.5    0.5    0.5    0.5    0.5    0.6    0.5    0.5    0.5    0.6    0.5    0.6    0.5    0.5    0.6    0.5    0.5    0.6    0.6    0.5    0.6    0.5    0.5    0.5    0.5    0.6    0.5    0.5    0.5    0.6    0.5    0.6    0.6    0.6    0.5    0.5    0.6    0.5    0.6    0.5    0.5    0.5    0.6    0.5    0.5    0.5    0.5    0.6    0.5    0.6    0.5    0.5    0.5    0.6    0.5    0.5    0.6    0.6    0.6    0.6    0.5    0.5    0.5    0.5    0.6    0.5    0.5    0.6    0.5    0.6    0.6    0.5    0.6    0.5    0.6    0.6    0.5    0.5    0.6    0.5    0.6    0.5    0.5    0.5    0.6    0.5    0.6    0.6    0.5    0.5    0.5    0.6    0.5    0.5    0.5    0.6    0.5    0.6    0.5    0.5    0.5    0.6    0.6    0.5    0.5    0.5    0.5    0.6    0.6    0.5    0.5    0.6    0.6    0.6    0.5    0.5    0.6    0.5    0.6    0.6    0.5    0.5    0.6    0.5    0.6    0.6    0.5    0.6    0.5    0.6    0.6    0.5    0.6    0.6    0.5    0.6    0.5    0.6    0.5    0.6    0.5    0.6    0.5    0.6    0.5    0.5    0.6    0.5    0.5    0.5    0.5    0.6    0.6    0.6    0.6    0.5    0.5    0.6    0.6    0.5    0.6    0.5    0.5    0.6    0.6    0.5    0.5    0.6    0.6    0.5    0.5    0.5    0.5    0.5    0.6    0.6    0.5    0.5    0.5    0.6    0.5    0.6    0.5
max|k      |:    4.6    4.2    4.5    4.1    4.7    4.8    4.8    5.0    4.9    4.3    4.3    4.7    4.1    4.3    4.2    4.0    4.4    4.7    4.3    4.5    5.0    4.0    4.3    4.2    4.3    4.7    4.5    4.2    4.5    5.1    4.5    3.6    4.1    4.4    4.5    4.2    4.0    4.2    4.5    4.2    3.8    3.6    4.5    3.6    3.8    4.0    4.3    3.6    4.1    4.1    4.3    4.4    4.5    4.4    4.5    3.7    3.6    4.0    4.1    4.1    3.7    4.4    4.0    3.6    4.5    4.7    4.0    4.1    3.9    3.9    4.5    3.8    4.1    4.6    4.4    4.3    4.1    4.5    4.6    4.4    3.6    3.6    4.3    3.9    4.3    3.8    4.3    3.6    3.8    4.2    4.0    3.9    4.5    4.0    4.1    4.3    3.8    3.5    3.9    4.4    4.9    4.9    4.2    4.2    4.0    3.8    3.8    4.3    4.3    4.0    3.8    4.3    3.8    3.9    4.0    4.0    4.1    4.7    4.1    4.3    3.7    3.8    3.8    3.9    3.7    3.9    4.1    4.4    3.8    4.3    4.0    4.3    4.4    3.8    4.1    3.6    4.1    4.3    4.4    4.2    4.0    3.6    4.1    3.6    4.1    4.0    4.4    3.9    4.1    3.6    4.2    3.7    4.2    3.7    4.2    3.6    4.2    3.6    4.2    4.3    4.2    4.2    4.2    4.4    4.2    3.6    4.2    3.6    4.2    4.1    4.2    3.8    4.4    4.7    4.2    3.7    4.3    4.0    4.2    3.7    4.4    3.7    4.2    3.7    4.2    4.2    4.2    4.3    4.2    3.7    4.2    3.7    4.2    3.7    4.2    3.7    4.2    4.3    4.2    4.3    4.2    3.7    4.2    3.7    4.2    3.8    4.2    3.7    4.2    4.1    4.2    3.7    4.3    4.1    4.2    3.7    4.2    3.8    4.2    3.7    4.2    3.7    4.2    4.0    4.2    3.8    4.2    3.7    4.1    4.0    4.1    4.3    4.1    4.4    4.1    3.7    4.1    3.7    4.1    3.7    4.1    4.0    4.1    3.9    4.1    4.2    4.1    4.0    4.1    4.1    4.1    4.4    4.1    3.9    4.1    4.0    4.1    3.7    4.3    4.4    4.1    3.7    5.0    3.7    4.1    3.6    4.1    4.1    4.1    4.1    4.1    3.6    4.1    3.9    4.1    4.3    4.1    4.0    4.1    3.6    4.1    3.7    4.1    3.6    4.1    4.2    4.1    4.0    4.1    3.7    4.1    4.2    4.1    4.0    4.1    3.7    4.1    3.8    4.1    3.9    4.1    4.0    4.1    4.1    4.3    3.7    4.1    3.7    4.0    3.6    4.0
max|r      |:    4.4    3.3    3.7    3.8    4.0    3.9    3.9    4.3    5.3    4.2    4.4    4.7    4.2    4.9    5.2    4.3    4.5    5.1    4.8    4.8    4.6    4.4    4.9    4.0    4.0    4.3    4.3    3.9    5.0    3.9    3.8    4.4    4.3    5.3    4.6    4.0    3.8    4.7    3.8    4.1    4.0    4.2    4.6    5.2    5.3    3.8    5.1    4.1    4.0    4.5    4.2    4.1    4.6    4.5    4.7    3.9    3.8    3.9    3.9    4.5    3.7    6.0    4.8    3.8    5.1    3.9    3.9    4.9    5.0    3.7    4.6    5.0    3.8    4.9    4.4    4.1    4.5    5.3    3.9    3.9    4.0    4.2    4.2    3.8    3.7    4.2    4.1    3.8    4.0    3.9    4.0    5.2    4.0    4.2    4.0    4.2    3.9    4.1    3.9    4.5    5.2    4.2    4.5    3.7    4.1    3.9    3.8    5.3    5.2    3.7    4.2    4.1    3.7    3.7    3.6    4.0    4.7    4.8    4.3    4.8    3.9    5.0    3.6    4.8    5.3    3.8    4.6    3.9    4.1    3.8    3.9    4.2    4.1    4.7    3.7    3.8    4.0    3.7    4.9    4.9    3.6    4.0    3.9    3.8    3.8    4.5    4.9    4.4    4.1    3.9    5.1    4.7    4.8    4.4    3.9    4.4    3.9    3.6    4.5    4.9    3.4    4.3    4.2    4.2    4.3    3.8    4.7    3.7    4.7    4.1    4.6    3.9    3.8    3.9    4.1    3.6    4.3    4.2    4.3    5.0    4.2    3.9    4.6    4.0    4.2    4.7    4.1    4.0    3.6    3.9    3.9    4.3    4.9    4.1    4.6    4.2    5.0    4.1    4.8    5.0    4.1    4.4    4.7    3.9    4.0    4.1    4.6    4.2    4.2    3.8    3.8    4.2    3.8    3.6    4.3    4.2    4.2    4.1    4.7    5.0    4.7    4.3    4.2    3.5    4.0    4.4    3.9    4.2    4.3    4.3    4.7    3.9    4.2    3.7    4.3    3.8    4.3    4.7    4.4    5.0    3.9    3.5    4.7    3.6    4.3    4.0    3.7    4.9    4.4    4.2    3.6    5.0    4.2    4.8    4.7    4.0    4.5    4.5    4.2    5.0    3.6    4.1    3.8    3.6    3.8    4.0    4.7    3.6    4.5    3.8    3.9    4.7    4.0    4.2    4.4    3.8    3.9    4.5    4.7    5.0    3.8    4.2    3.8    3.9    4.2    4.1    4.1    4.3    4.6    4.7    4.7    3.7    4.9    4.9    4.2    4.1    4.1    5.0    4.1    4.9    4.3    4.3    4.8    3.9    4.4    4.1    4.7    3.6    4.6    4.1    3.6
max|act    |:    6.3    1.9    2.5    3.4    2.8    2.2    2.7    4.5    2.2    3.1    2.8    2.9    2.3    3.6    2.7    2.5    2.4    3.2    2.3    3.8    2.9    3.0    3.2    3.1    2.6    2.3    2.5    3.5    2.6    2.6    2.4    2.6    4.1    3.0    4.0    2.5    2.2    2.4    2.6    2.2    2.1    2.4    2.1    2.6    2.7    2.6    2.2    3.0    2.2    4.1    3.0    3.8    1.9    3.0    2.2    2.0    2.4    1.9    3.2    2.4    1.8    3.8    2.4    1.7    2.6    2.5    2.8    4.2    3.7    2.1    2.3    3.8    1.8    3.8    2.9    2.4    2.4    2.4    2.6    3.5    2.1    1.7    2.1    2.4    2.6    4.3    3.3    1.9    2.3    3.4    3.9    2.1    1.8    2.9    2.2    3.0    3.2    2.1    2.0    2.5    2.2    2.4    3.5    4.3    1.9    2.5    2.0    2.4    1.8    4.1    2.2    2.2    2.6    2.4    2.1    2.1    2.8    3.6    2.5    3.5    2.3    4.3    2.4    3.8    2.4    2.5    2.4    3.4    2.5    2.7    3.3    2.5    2.6    2.6    2.6    2.6    3.4    2.6    3.0    4.2    2.7    3.0    2.7    2.7    3.1    3.1    3.7    2.7    2.8    2.7    3.9    3.4    3.8    3.3    2.9    2.8    3.0    4.2    3.2    2.8    3.0    2.8    3.0    2.8    3.2    2.8    3.0    2.8    3.1    2.8    3.3    2.8    3.1    2.8    3.1    4.2    3.1    2.8    3.1    2.9    3.1    2.9    3.1    2.9    3.1    2.9    3.1    3.3    3.0    2.9    3.0    2.9    3.7    4.1    3.0    2.9    3.8    2.9    3.8    2.9    3.0    2.9    3.0    2.9    3.2    2.9    3.0    2.9    2.9    2.9    2.9    4.1    2.9    2.9    2.9    2.9    2.9    3.1    3.0    2.9    2.9    3.2    2.9    2.9    2.9    2.9    2.9    2.9    2.9    4.1    2.9    2.9    2.9    3.7    2.9    2.9    2.9    3.2    3.2    2.9    2.9    2.9    2.9    2.9    2.9    2.9    2.9    4.1    2.9    2.9    2.9    4.0    2.9    3.8    2.9    3.2    2.9    3.1    2.9    2.9    2.9    2.9    2.9    2.9    2.9    4.1    2.9    2.9    2.9    3.0    2.9    2.9    3.2    2.9    2.9    2.9    2.9    2.9    3.1    2.9    2.9    2.9    2.9    4.1    2.9    2.9    2.9    2.9    2.9    3.2    2.9    2.9    2.9    3.7    2.9    2.9    2.9    3.8    2.9    3.8    2.9    4.1    2.9    2.9    2.9    2.9    3.2    2.9    2.9    2.9    2.9
max|gate   |:    1.8    1.3    1.5    1.2    1.5    1.5    1.6    1.6    2.0    1.8    2.1    2.3    1.7    2.1    2.5    1.9    1.9    2.1    1.8    2.1    2.1    2.0    1.7    1.9    1.5    1.6    2.0    1.8    2.0    1.7    1.6    1.6    2.0    2.6    1.6    1.4    1.4    1.6    1.3    1.7    1.6    1.3    1.5    2.5    2.6    1.7    2.0    1.4    1.5    1.3    1.8    1.4    1.9    2.0    1.9    1.5    1.5    1.5    1.4    2.2    1.3    2.9    2.4    1.6    2.1    1.2    1.6    2.1    2.1    1.6    1.5    2.3    1.4    2.0    2.0    1.3    1.8    2.4    1.4    1.4    1.8    1.5    1.4    1.3    1.3    1.5    1.4    1.4    1.6    1.4    1.5    2.3    1.4    1.8    1.6    1.8    1.1    1.7    1.2    1.4    2.3    1.4    1.7    1.3    1.8    1.3    1.6    2.6    2.5    1.3    1.2    1.3    1.3    1.4    1.4    1.3    1.7    2.0    1.9    2.5    1.5    2.4    1.3    2.0    2.4    1.4    1.7    1.3    1.7    1.2    1.5    1.8    1.3    1.5    1.3    1.5    1.4    1.2    2.1    2.5    1.4    1.4    1.3    1.2    1.3    2.0    2.1    1.8    1.8    1.3    2.3    1.4    2.0    2.0    1.3    1.4    1.6    1.3    1.8    2.5    1.3    1.6    1.3    1.4    1.6    1.4    2.3    1.2    1.5    1.3    1.8    1.6    1.4    1.4    1.3    1.5    1.5    1.9    2.0    2.6    1.4    1.6    1.8    1.7    1.4    2.0    1.6    1.4    1.4    1.4    1.3    1.4    2.1    1.8    1.8    1.5    2.3    1.5    2.0    2.6    1.2    1.5    1.5    1.3    1.4    1.8    1.8    1.5    1.4    1.6    1.3    2.1    1.4    1.2    1.7    1.4    1.3    1.3    1.9    2.6    1.6    1.4    1.5    1.2    1.4    2.0    1.5    2.0    1.4    1.4    1.9    1.6    1.5    1.3    2.0    1.2    1.4    1.6    2.0    2.6    1.1    1.1    1.9    1.7    2.0    1.7    1.5    2.1    1.8    1.5    1.2    2.4    1.4    2.0    1.9    1.6    1.6    1.6    1.7    2.6    1.3    2.0    1.3    1.4    1.6    1.7    1.9    1.6    1.6    1.2    1.3    1.9    1.6    2.1    1.9    1.2    1.5    1.6    1.9    2.6    1.1    1.6    1.3    1.3    1.5    1.7    2.0    2.0    1.6    1.4    1.9    1.3    2.5    2.1    1.9    1.6    2.0    2.3    1.6    2.6    2.0    1.5    1.9    1.5    1.4    1.7    1.6    1.5    1.6    2.0    1.5
max|actgate|:    0.6    0.4    0.6    0.4    0.3    0.2    0.4    1.1    0.5    0.5    0.3    0.4    0.3    0.6    0.4    2.7    0.7    0.5    0.4    0.6    0.4    0.3    0.4    0.3    0.2    0.3    0.4    0.4    0.5    0.3    0.3    0.3    0.4    2.2    0.5    0.2    0.3    0.2    0.3    0.4    0.3    0.3    0.3    0.2    0.5    0.4    0.3    0.2    0.3    0.3    3.5    0.5    0.3    0.2    0.3    0.3    0.6    0.4    0.3    0.3    0.4    0.3    0.3    0.4    0.3    1.6    0.3    0.6    0.5    0.4    0.3    0.2    0.5    0.6    0.3    0.4    0.3    0.3    0.3    4.4    0.3    0.4    0.3    0.2    0.3    0.5    0.5    0.4    0.5    0.3    0.2    0.3    0.3    4.0    0.4    0.3    0.3    0.3    0.3    0.4    0.4    0.2    0.5    3.9    0.4    0.4    0.4    0.2    0.2    0.3    0.2    0.4    0.6    0.3    0.2    0.5    0.3    4.3    0.4    0.5    0.4    0.4    0.2    0.6    0.4    0.4    0.2    4.0    0.3    0.4    0.3    0.2    0.3    0.3    0.3    0.4    0.5    0.3    0.3    0.3    0.3    4.1    0.3    0.3    0.4    0.3    0.6    0.4    0.3    0.5    0.5    3.9    0.6    0.5    0.3    0.3    0.3    0.3    0.3    0.4    0.3    0.3    0.3    0.3    3.7    0.4    0.3    0.3    0.4    0.3    0.5    0.4    0.3    0.4    0.3    3.7    0.3    0.4    0.4    0.3    0.4    0.4    0.3    0.4    0.4    0.3    0.3    0.5    3.3    0.4    0.4    0.3    0.6    0.4    0.3    0.4    3.7    0.5    0.6    0.3    0.4    0.4    0.3    0.3    0.5    0.3    0.3    0.4    0.4    3.6    0.3    0.3    0.4    0.4    0.3    0.3    0.4    3.8    0.3    0.4    0.3    0.5    0.3    0.4    0.4    0.4    0.3    0.3    0.3    0.3    3.5    0.4    0.4    0.4    0.3    0.4    0.3    4.0    0.4    0.3    0.3    0.3    0.3    0.4    0.5    0.4    0.3    0.6    0.4    0.4    3.1    0.3    0.4    0.6    0.3    0.4    0.3    3.9    0.3    0.3    0.4    0.4    0.4    0.3    0.4    0.3    0.3    0.4    0.3    0.3    3.0    0.3    0.4    0.4    0.3    0.3    0.3    0.3    4.1    0.4    0.4    0.4    0.3    0.3    0.3    0.4    0.3    0.3    0.3    0.4    0.3    2.9    0.4    0.6    0.4    0.3    0.4    0.4    0.4    4.1    0.3    0.3    0.4    0.4    0.4    0.3    0.4    0.3    0.3    0.4    0.3
ms/hi max :   0.89   1.82   1.67   0.87   1.12   0.84   0.97   3.55   1.21   0.88   0.91   0.88   0.96   2.05   0.98   1.22   1.05   0.98   1.40   2.06   1.79   1.34   0.85   1.23   0.93   0.86   1.20   0.92   1.66   0.95   0.93   1.15   0.83   0.94   1.40   0.79   1.39   1.42   0.98   0.91   0.86   0.82   0.80   0.86   1.23   1.04   0.98   0.93   1.13   0.78   0.94   1.31   1.03   0.79   0.93   1.25   1.74   0.92   0.98   0.95   0.88   1.04   0.89   0.81   0.88   1.00   0.98   2.02   1.31   0.86   0.92   1.16   0.93   1.86   0.98   0.87   1.11   0.93   0.98   0.96   0.94   0.99   0.98   0.90   0.91   1.30   1.01   0.91   1.01   0.95   0.92   1.12   0.84   0.97   1.18   0.87   1.00   1.24   0.93   1.07   1.29   0.98   1.28   1.54   1.42   0.89   1.17   1.46   1.53   1.59   1.64   1.70   1.75   1.81   1.87   1.92   1.98   2.04   2.09   2.15   2.20   2.26   2.31   2.36   2.42   2.47   2.52   2.57   2.62   2.66   2.71   2.76   2.80   2.85   2.89   2.93   2.97   3.01   3.05   3.09   3.13   3.17   3.20   3.24   3.27   3.31   3.34   3.37   3.40   3.43   3.46   3.49   3.52   3.55   3.57   3.60   3.62   3.65   3.67   3.70   3.72   3.74   3.76   3.79   3.81   3.83   3.85   3.87   3.88   3.90   3.92   3.94   3.95   3.97   3.99   4.00   4.02   4.03   4.05   4.06   4.07   4.09   4.10   4.11   4.13   4.14   4.15   4.16   4.17   4.18   4.20   4.21   4.22   4.23   4.24   4.25   4.26   4.26   4.27   4.28   4.29   4.30   4.31   4.32   4.32   4.33   4.34   4.35   4.35   4.36   4.37   4.37   4.38   4.39   4.39   4.40   4.41   4.41   4.42   4.42   4.43   4.43   4.44   4.44   4.45   4.45   4.46   4.46   4.47   4.47   4.48   4.48   4.49   4.49   4.50   4.50   4.50   4.51   4.51   4.52   4.52   4.52   4.53   4.53   4.53   4.54   4.54   4.54   4.55   4.55   4.55   4.56   4.56   4.56   4.56   4.57   4.57   4.57   4.58   4.58   4.58   4.58   4.59   4.59   4.59   4.59   4.60   4.60   4.60   4.60   4.60   4.61   4.61   4.61   4.61   4.62   4.62   4.62   4.62   4.62   4.62   4.63   4.63   4.63   4.63   4.63   4.64   4.64   4.64   4.64   4.64   4.64   4.64   4.65   4.65   4.65   4.65   4.65   4.65   4.65   4.66   4.66   4.66   4.66   4.66   4.66   4.66   4.66   4.67   4.67   4.67
ms/lo min :   1.09   0.67   0.40   0.36   0.35   0.38   0.39   0.33   0.35   0.34   0.30   0.30   0.32   0.28   0.31   0.29   0.30   0.32   0.35   0.27   0.34   0.29   0.33   0.32   0.32   0.31   0.30   0.29   0.35   0.35   0.29   0.33   0.31   0.33   0.34   0.32   0.31   0.34   0.32   0.31   0.30   0.29   0.29   0.30   0.29   0.29   0.31   0.34   0.31   0.31   0.31   0.33   0.35   0.31   0.31   0.32   0.32   0.34   0.33   0.34   0.30   0.29   0.35   0.30   0.33   0.32   0.36   0.31   0.33   0.33   0.31   0.31   0.35   0.29   0.34   0.33   0.35   0.31   0.33   0.34   0.30   0.34   0.36   0.37   0.30   0.35   0.30   0.31   0.30   0.32   0.31   0.32   0.34   0.33   0.32   0.30   0.33   0.35   0.31   0.36   0.32   0.31   0.36   0.32   0.36   0.33   0.33   0.32   0.32   0.31   0.34   0.32   0.34   0.34   0.33   0.33   0.33   0.33   0.36   0.34   0.33   0.31   0.36   0.34   0.32   0.33   0.34   0.32   0.33   0.30   0.32   0.34   0.40   0.38   0.34   0.32   0.36   0.34   0.34   0.35   0.34   0.35   0.32   0.34   0.37   0.36   0.35   0.35   0.37   0.35   0.33   0.32   0.35   0.36   0.34   0.33   0.39   0.33   0.37   0.34   0.32   0.35   0.36   0.32   0.33   0.34   0.34   0.39   0.38   0.37   0.33   0.34   0.36   0.36   0.41   0.33   0.34   0.36   0.33   0.34   0.37   0.41   0.35   0.40   0.32   0.35   0.39   0.38   0.35   0.33   0.36   0.34   0.34   0.35   0.36   0.34   0.32   0.34   0.39   0.43   0.37   0.42   0.36   0.36   0.33   0.32   0.35   0.36   0.39   0.35   0.33   0.37   0.37   0.34   0.34   0.34   0.39   0.38   0.35   0.41   0.39   0.31   0.37   0.35   0.36   0.36   0.33   0.36   0.33   0.39   0.41   0.34   0.37   0.40   0.35   0.34   0.39   0.36   0.39   0.36   0.36   0.36   0.31   0.34   0.39   0.35   0.37   0.33   0.35   0.35   0.34   0.32   0.37   0.31   0.33   0.34   0.34   0.34   0.38   0.36   0.36   0.39   0.37   0.37   0.35   0.39   0.36   0.35   0.33   0.38   0.40   0.34   0.34   0.37   0.37   0.34   0.31   0.38   0.36   0.39   0.36   0.36   0.39   0.36   0.40   0.31   0.35   0.36   0.34   0.33   0.37   0.35   0.40   0.37   0.34   0.34   0.35   0.35   0.37   0.36   0.41   0.36   0.31   0.35   0.35   0.37   0.37   0.41   0.35   0.40   0.33
