[A11 prompts 50 ticks] lanes 64, block max over lanes/channels/layers per tick; window ~0.3..20
tick      :      0      1      2      3      4      5      6      7      8      9     10     11     12     13     14     15     16     17     18     19     20     21     22     23     24     25     26     27     28     29     30     31     32     33     34     35     36     37     38     39     40     41     42     43     44     45     46     47     48     49
max|S      |:    0.4    0.7    1.0    1.2    1.2    1.1    1.1    1.2    1.3    1.3    1.4    1.6    1.7    1.8    1.8    1.9    1.9    2.0    2.1    2.1    2.2    2.2    2.3    2.2    2.2    2.2    2.2    2.3    2.3    2.4    2.4    2.4    2.4    2.5    2.5    2.5    2.6    2.5    2.4    2.4    2.4    2.3    2.3    2.2    2.2    2.2    2.1    2.1    2.1    2.1
max|z      |:    0.9    0.9    1.1    1.1    1.1    1.1    1.1    1.1    1.1    1.1    1.1    1.1    1.0    1.0    1.1    1.1    1.1    1.1    1.1    1.1    1.0    1.1    1.1    1.1    1.1    1.1    1.1    1.1    1.1    1.1    1.1    1.1    1.1    1.1    1.1    1.0    1.1    1.1    1.1    1.1    1.0    1.1    1.0    1.1    1.1    1.0    1.1    1.1    1.1    1.1
max|g      |:    0.4    0.4    0.4    0.4    0.4    0.4    0.4    0.4    0.4    0.4    0.5    0.5    0.4    0.4    0.4    0.4    0.4    0.5    0.5    0.4    0.4    0.4    0.4    0.4    0.4    0.5    0.5    0.5    0.5    0.5    0.5    0.4    0.4    0.5    0.5    0.4    0.5    0.4    0.4    0.5    0.4    0.5    0.4    0.4    0.5    0.4    0.5    0.4    0.5    0.4
max|k      |:    4.6    4.0    4.1    4.1    4.7    4.7    4.8    5.1    4.5    3.9    3.9    4.2    4.0    4.5    4.3    4.1    4.0    4.1    3.6    4.3    4.3    4.7    4.8    4.8    4.7    3.9    4.0    4.3    4.0    4.4    4.7    4.6    4.0    4.0    4.1    4.5    4.2    4.4    3.9    3.7    4.3    4.2    3.7    4.4    4.3    5.0    4.9    4.1    4.0    4.1
max|r      |:    4.4    3.5    3.7    3.8    4.0    3.9    3.9    4.0    3.8    3.7    3.9    3.5    3.6    4.0    3.6    4.3    4.2    3.7    3.5    3.8    3.7    3.9    4.0    3.9    3.8    3.7    3.8    3.8    3.5    3.7    3.8    4.3    3.7    3.2    3.3    3.8    3.8    3.7    4.0    3.7    3.3    3.9    3.5    3.9    3.7    3.7    3.9    4.1    3.7    3.8
max|act    |:    6.3    2.0    2.5    2.5    2.8    2.4    2.5    2.7    2.3    2.0    3.4    2.7    3.2    2.1    2.1    2.1    2.6    2.3    1.7    2.2    2.3    4.1    2.2    1.9    3.5    2.8    1.9    2.5    3.5    2.8    2.1    1.8    3.0    2.1    1.9    2.5    3.6    2.2    2.2    3.7    2.8    2.3    2.0    4.1    2.5    2.7    2.5    2.6    3.1    2.4
max|gate   |:    1.6    1.3    1.5    1.2    1.5    1.5    1.6    1.5    1.5    1.4    1.3    1.2    1.3    1.3    1.0    1.3    1.5    1.3    1.6    1.3    1.5    1.3    1.7    1.1    1.3    1.4    1.6    1.2    1.6    1.3    1.1    1.4    1.2    1.3    1.6    1.2    1.6    1.2    1.7    1.3    1.0    1.6    1.0    1.3    1.4    1.3    1.7    1.2    1.1    1.5
max|actgate|:    0.6    0.4    0.6    0.4    0.3    0.3    0.4    0.4    0.3    0.3    0.3    0.4    0.4    0.3    0.4    0.2    0.4    0.7    0.5    0.3    0.3    0.3    0.5    0.3    0.4    0.3    0.3    0.3    0.4    0.3    0.3    0.3    0.4    0.8    0.5    0.3    0.4    0.3    0.5    0.3    0.4    0.7    0.5    0.3    0.3    0.3    0.5    0.3    0.3    0.3
ms/hi max :   0.89   1.82   1.67   0.94   1.12   0.75   0.97   0.97   0.88   0.94   0.82   0.98   1.11   1.00   0.86   0.79   0.87   0.94   1.25   0.93   0.73   0.86   1.51   0.82   0.86   0.91   0.87   0.82   1.20   0.86   0.91   0.82   0.76   0.99   1.16   0.82   1.32   0.81   1.53   0.83   0.88   0.80   1.09   0.85   1.08   0.87   1.58   0.91   0.86   0.92
ms/lo min :   1.09   0.67   0.40   0.36   0.35   0.38   0.34   0.38   0.38   0.44   0.35   0.32   0.31   0.33   0.35   0.37   0.36   0.40   0.36   0.38   0.31   0.33   0.32   0.37   0.34   0.33   0.36   0.30   0.29   0.33   0.35   0.36   0.36   0.38   0.34   0.29   0.31   0.33   0.32   0.33   0.36   0.38   0.34   0.31   0.29   0.33   0.32   0.38   0.37   0.38
